1396417050 1396439847 22797
1396445734 1396450369 4635
1396453407 1396463441 10034
1396465334 1396493238 27904
1396497422 1396520415 22993
1396520629 1396522182 1553
1396524953 1396531261 6308
1396533966 1396547585 13619
1396551743 1396625021 73278
1396652802 1396671774 18972
1396672001 1396685742 13741
1396689145 1396697580 8435
1396739308 1396740528 1220
1396740533 1396744821 4288
1396757015 1396768895 11880
1396776470 1396789887 13417
1396797018 1396813623 16605
1396817792 1396829262 11470
1396829359 1396879468 50109
1396892537 1396928259 35722
1396933449 1396987818 54369
1397001846 1397045864 44018
1397050342 1397068369 18027
1397070241 1397143403 73162
1397148942 1397164870 15928
1397171498 1397172189 691
1397181332 1397184187 2855
1397184557 1397184598 41
1397185147 1397185372 225
1397196003 1397223999 27996
1397232636 1397244454 11818
1397244615 1397252216 7601
1397252301 1397259366 7065
1397259602 1397259623 21
1397267320 1397268750 1430
1397278513 1397291015 12502
1397294946 1397307701 12755
1397337886 1397338623 737
1397345715 1397345983 268
1397359602 1397370169 10567
1397375152 1397403032 27880
1397418950 1397455886 36936
1397468964 1397470696 1732
1397474266 1397487784 13518
1397507668 1397523740 16072
1397528639 1397537833 9194
1397543013 1397588418 45405
1397603752 1397621958 18206
1397622318 1397645550 23232
1397650343 1397661838 11495
1397665575 1397685617 20042
1397693585 1397714641 21056
1397729478 1397762798 33320
1397768900 1397847088 78188
1397855942 1397866952 11010
1397871462 1397911843 40381
1397972453 1397975959 3506
1398047555 1398073186 25631
1398114555 1398117816 3261
1398118165 1398142682 24517
1398142820 1398182520 39700
1398198913 1398214366 15453
1398214594 1398218682 4088
1398222266 1398242926 20660
1398254819 1398273528 18709
1398278979 1398340929 61950
1398345581 1398358236 12655
1398363762 1398380309 16547
1398387369 1398460802 73433
1398463110 1398485079 21969
1398486924 1398488674 1750
1398490220 1398522164 31944
1398523266 1398523311 45
1398552572 1398552639 67
1398556355 1398573309 16954
1398577263 1398604803 27540
1398610012 1398612622 2610
1398626809 1398629436 2627
1398633354 1398643813 10459
1398646466 1398661164 14698
1398666649 1398700861 34212
1398712423 1398712574 151
1398713505 1398721792 8287
1398727506 1398732867 5361
1398737030 1398740962 3932
1398745406 1398832932 87526
1398833085 1398834427 1342
1398834589 1398834665 76
1398834751 1398834859 108
1398834911 1398835259 348
1398835791 1398870455 34664
1398871428 1398889990 18562
1398892771 1398897662 4891
1398897828 1398899768 1940
1398915048 1398917821 2773
1398923864 1398947052 23188
1398951090 1398955471 4381
1398961184 1398962847 1663
1398969721 1398975335 5614
1398983821 1398987260 3439
1398990824 1399030495 39671
1399035584 1399037480 1896
1399055794 1399055809 15
1399055820 1399060835 5015
1399083537 1399117224 33687
1399157129 1399161171 4042
1399180622 1399200602 19980
1399205879 1399217481 11602
1399230849 1399243706 12857
1399249198 1399266060 16862
1399269912 1399279526 9614
1399284312 1399305628 21316
1399316379 1399319453 3074
1399320016 1399328633 8617
1399330485 1399341535 11050
1399341536 1399341539 3
1399341540 1399341545 5
1399341547 1399341556 9
1399341979 1399346476 4497
1399360065 1399365606 5541
1399370194 1399388054 17860
1399390591 1399401353 10762
1399406220 1399417297 11077
1399421949 1399425271 3322
1399432444 1399474688 42244
1399479268 1399491075 11807
1399492989 1399517224 24235
1399524461 1399544187 19726
1399548936 1399549727 791
1399556142 1399573823 17681
1399582397 1399583597 1200
1399592343 1399649874 57531
1399653787 1399653961 174
1399654584 1399680584 26000
1399715855 1399731733 15878
1399753166 1399773114 19948
1399773314 1399777986 4672
1399778521 1399782001 3480
1399786416 1399817168 30752
1399821208 1399823042 1834
1399835263 1399842622 7359
1399845824 1399910455 64631
1399953915 1399954108 193
1399954656 1399978207 23551
1399978453 1399996900 18447
1400025328 1400026598 1270
1400038749 1400047142 8393
1400047762 1400078454 30692
1400102152 1400109694 7542
1400118479 1400121459 2980
1400197402 1400198069 667
1400198197 1400198725 528
1400199474 1400201884 2410
1400205912 1400207839 1927
1400213857 1400214924 1067
1400215678 1400219469 3791
1400222996 1400242458 19462
1400249386 1400256031 6645
1400275178 1400285528 10350
1400286106 1400293913 7807
1400310590 1400336542 25952
1400371756 1400377130 5374
1400382049 1400399405 17356
1400403323 1400408669 5346
1400412161 1400422840 10679
1400428963 1400429780 817
1400433619 1400438276 4657
1400443847 1400451577 7730
1400452388 1400513417 61029
1400527239 1400531484 4245
1400531518 1400535105 3587
1400563826 1400564139 313
1400564848 1400584437 19589
1400590847 1400598046 7199
1400598133 1400599908 1775
1400600478 1400601616 1138
1400612526 1400623903 11377
1400628049 1400631733 3684
1400636847 1400673480 36633
1400673553 1400673752 199
1400673830 1400673944 114
1400674022 1400697939 23917
1400700060 1400712029 11969
1400720099 1400768044 47945
1400779698 1400785573 5875
1400789110 1400792379 3269
1400800420 1400924051 123631
1400930177 1400936457 6280
1400941191 1400941236 45
1400983502 1400991133 7631
1400998613 1401004343 5730
1401007982 1401020702 12720
1401027958 1401029284 1326
1401045090 1401049823 4733
1401053659 1401061235 7576
1401066888 1401118230 51342
1401151533 1401171849 20316
1401172062 1401208346 36284
1401218008 1401233525 15517
1401233781 1401241796 8015
1401247475 1401283699 36224
1401287024 1401290191 3167
1401290709 1401301824 11115
1401303792 1401313882 10090
1401317859 1401401952 84093
1401409936 1401411777 1841
1401415424 1401434223 18799
1401439698 1401463665 23967
1401505767 1401508129 2362
1401513594 1401544435 30841
1401602971 1401610034 7063
1401696321 1401704481 8160
1402046551 1402069832 23281
1402079629 1402151122 71493
1402200167 1402263285 63118
1402270105 1402279670 9565
1402280002 1402328233 48231
1402342380 1402343308 928
1402348089 1402351373 3284
1402351626 1402357630 6004
1402357665 1402400133 42468
1402402667 1402420097 17430
1402428419 1402428538 119
1402428544 1402434455 5911
1402436028 1402491416 55388
1402498173 1402505800 7627
1402511378 1402515105 3727
1402538217 1402538494 277
1402539132 1402550684 11552
1402553138 1402615379 62241
1402616608 1402623444 6836
1402630742 1402637317 6575
1402641940 1402652333 10393
1402660213 1402673465 13252
1402684409 1402715355 30946
1402722547 1402724063 1516
1402728067 1402755796 27729
1402778146 1402778668 522
1402779562 1402787545 7983
1402787778 1402788320 542
1402788466 1402849075 60609
1402854517 1402900732 46215
1402907224 1402930834 23610
1402945563 1402953571 8008
1402959076 1403012031 52955
1403020242 1403023052 2810
1403027575 1403054256 26681
1403057778 1403061747 3969
1403068780 1403068844 64
1403075218 1403116216 40998
1403118099 1403127383 9284
1403135796 1403136468 672
1403140125 1403146843 6718
1403159552 1403175773 16221
1403188661 1403199308 10647
1403206487 1403218380 11893
1403218496 1403218506 10
1403218634 1403218681 47
1403219603 1403226757 7154
1403246119 1403246298 179
1403250187 1403266727 16540
1403267529 1403278218 10689
1403298287 1403305465 7178
1403305876 1403307760 1884
1403309845 1403356254 46409
1403388027 1403389344 1317
1403389354 1403401825 12471
1403413243 1403428737 15494
1403452039 1403453070 1031
1403457300 1403474678 17378
1403482940 1403498544 15604
1403504012 1403509513 5501
1403516745 1403537546 20801
1403556744 1403559959 3215
1403564694 1403588913 24219
1403625807 1403628986 3179
1403635399 1403647334 11935
1403647395 1403665576 18181
1403669687 1403674526 4839
1403677775 1403715363 37588
1403719267 1403730392 11125
1403732248 1403740663 8415
1403754093 1403756170 2077
1403759643 1403762447 2804
1403766089 1403820928 54839
1403824569 1403825977 1408
1403830696 1403857620 26924
1403866638 1403883139 16501
1403894219 1403895341 1122
1403900253 1403917168 16915
1403934486 1403958876 24390
1404006773 1404010433 3660
1404031305 1404040048 8743
1404107934 1404108890 956
1404108962 1404110533 1571
1404110584 1404124781 14197
1404124782 1404128290 3508
1404128292 1404128300 8
1404128302 1404129759 1457
1404129765 1404129790 25
1404129791 1404129793 2
1404129795 1404129819 24
1404129821 1404129847 26
1404129849 1404129864 15
1404129866 1404129870 4
1404129872 1404129887 15
1404129889 1404129919 30
1404129921 1404129928 7
1404129929 1404129958 29
1404129960 1404130002 42
1404130017 1404130031 14
1404130033 1404130079 46
1404130081 1404130173 92
1404130174 1404130215 41
1404130216 1404130238 22
1404130240 1404130288 48
1404130289 1404130300 11
1404130312 1404130495 183
1404130497 1404130669 172
1404130671 1404130673 2
1404130675 1404131259 584
1404131458 1404131711 253
1404131712 1404131789 77
1404131801 1404131811 10
1404131813 1404131863 50
1404131864 1404131903 39
1404131904 1404132468 564
1404170925 1404177594 6669
1404177606 1404178652 1046
1404178653 1404180790 2137
1404180791 1404180823 32
1404186993 1404188010 1017
1404188011 1404188022 11
1404188024 1404188045 21
1404188078 1404196396 8318
1404206446 1404211758 5312
1404217292 1404230475 13183
1404250238 1404251999 1761
1404252346 1404263213 10867
1404304565 1404320871 16306
1404331907 1404334892 2985
1404337304 1404346166 8862
1404354750 1404369746 14996
1404375888 1404390295 14407
1404399530 1404416079 16549
1404425343 1404445308 19965
1404451709 1404486680 34971
1404498952 1404524783 25831
1404529270 1404539583 10313
1404547966 1404571099 23133
1404597061 1404606569 9508
1404607209 1404609630 2421
1404615644 1404617839 2195
1404623235 1404623807 572
1404636148 1404694250 58102
1404710662 1404745843 35181
1404761684 1404765030 3346
1404778432 1404793975 15543
1404800640 1404801552 912
1404804306 1404807909 3603
1404814643 1404833550 18907
1404835280 1404837898 2618
1408567368 1408569250 1882
1408575713 1408605536 29823
1408616241 1408616516 275
1408620443 1408644129 23686
1408649920 1408664502 14582
1408677857 1408696887 19030
1408696893 1408697040 147
1408741166 1408744752 3586
1408750298 1408768047 17749
1408769720 1408790453 20733
1408796127 1408803749 7622
1408836944 1408837558 614
1408837720 1408838336 616
1408838359 1408838410 51
1408862795 1408896020 33225
1408910054 1408918968 8914
1408924902 1408980645 55743
1408993455 1408995254 1799
1408995280 1408995300 20
1408995687 1408995736 49
1408995741 1409008957 13216
1409009279 1409024874 15595
1409034795 1409092374 57579
1409098372 1409121614 23242
1409125221 1409136611 11390
1409146857 1409147318 461
1409147694 1409151561 3867
1409155434 1409159058 3624
1409164533 1409177057 12524
1409180866 1409181278 412
1409184881 1409204772 19891
1409218261 1409257875 39614
1409271531 1409275835 4304
1409284026 1409290321 6295
1409293341 1409299450 6109
1409302335 1409308495 6160
1409312026 1409315940 3914
1409319378 1409320543 1165
1409320788 1409335586 14798
1409340590 1409349516 8926
1409352700 1409369488 16788
1409378325 1409385022 6697
1409404844 1409408549 3705
1409409756 1409409918 162
1409411033 1409412043 1010
1409427138 1409442268 15130
1409449248 1409481129 31881
1409491209 1409496107 4898
1409496342 1409498677 2335
1409513199 1409530954 17755
1409531393 1409541846 10453
1409548347 1409585419 37072
1409599379 1409601781 2402
1409603591 1409606087 2496
1409611595 1409617080 5485
1409617709 1409622232 4523
1409626215 1409646204 19989
1409649855 1409662382 12527
1409666993 1409673224 6231
1409678624 1409683878 5254
1409689116 1409696833 7717
1409701504 1409707253 5749
1409714765 1409718399 3634
1409726754 1409769025 42271
1409771091 1409772995 1904
1409781177 1409785506 4329
1409786880 1409795611 8731
1409795910 1409844111 48201
1409851295 1409867166 15871
1409873430 1409906414 32984
1409910602 1409931115 20513
1409941882 1409947303 5421
1409961285 1410013322 52037
1410051919 1410088051 36132
1410099391 1410102652 3261
1410131609 1410134324 2715
1410140997 1410190010 49013
1410206178 1410244213 38035
1410251111 1410280604 29493
1410287404 1410288473 1069
1410295388 1410300814 5426
1410311247 1410311375 128
1410315687 1410327855 12168
1410332704 1410345959 13255
1410349824 1410373879 24055
1410375898 1410388819 12921
1410388988 1410414172 25184
1410418400 1410474318 55918
1410492607 1410502164 9557
1410508610 1410519703 11093
1410546887 1410549418 2531
1410554363 1410570162 15799
1410574332 1410587154 12822
1410590493 1410594067 3574
1410600122 1410618149 18027
1410650656 1410650664 8
1410650703 1410667352 16649
1410669392 1410701969 32577
1410707371 1410729193 21822
1410734419 1410768736 34317
1410772414 1410778287 5873
1410782245 1410795019 12774
1410809045 1410810804 1759
1410815241 1410817158 1917
1410817168 1410818528 1360
1410821979 1410824024 2045
1410824205 1410839607 15402
1410843019 1410873288 30269
1410873518 1410915101 41583
1410915275 1410949523 34248
1410949600 1410957531 7931
1410970317 1410983403 13086
1410989452 1410994363 4911
1410998405 1411034087 35682
1411038916 1411053790 14874
1411058146 1411073620 15474
1411080368 1411085537 5169
1411089565 1411096980 7415
1411101923 1411140724 38801
1411151989 1411161477 9488
1411164781 1411178341 13560
1411178918 1411181110 2192
1411181638 1411222944 41306
1411255548 1411257318 1770
1411257348 1411261006 3658
1411261077 1411262189 1112
1411283290 1411283382 92
1411292488 1411297875 5387
1411315533 1411321612 6079
1411326539 1411327283 744
1411327445 1411331401 3956
1411355385 1411365061 9676
1411370401 1411371411 1010
1411374962 1411382804 7842
1411387353 1411395431 8078
1411433955 1411445331 11376
1411450285 1411456221 5936
1411460975 1411472849 11874
1411478533 1411485317 6784
1411489722 1411495176 5454
1411500640 1411503929 3289
1411505483 1411505489 6
1411532188 1411532567 379
1411537335 1411539378 2043
1411539398 1411553634 14236
1411553712 1411568185 14473
1411574772 1411585118 10346
1411589075 1411624978 35903
1411632022 1411634017 1995
1411641762 1411645666 3904
1411650836 1411652449 1613
1411656557 1411663899 7342
1411679407 1411687938 8531
1411695049 1411707249 12200
1411712238 1411713018 780
1411713154 1411722234 9080
1411728809 1411745749 16940
1411756842 1411763214 6372
1411769062 1411809797 40735
1411815497 1411824442 8945
1411875505 1411875839 334
1411880797 1411882045 1248
1411885475 1411900077 14602
1411905963 1411911947 5984
1411918770 1411920189 1419
1411923844 1411928682 4838
1411928788 1411931260 2472
1411934921 1411941329 6408
1411945034 1411953836 8802
1411961123 1411979501 18378
1411986392 1412000301 13909
1412027387 1412029185 1798
1412034247 1412048861 14614
1412048873 1412048878 5
1412048918 1412064044 15126
1412069604 1412077186 7582
1412081053 1412084417 3364
1412088365 1412092623 4258
1412099492 1412101883 2391
1412119681 1412131859 12178
1412135981 1412141001 5020
1412145168 1412151579 6411
1412158100 1412166917 8817
1412171677 1412188555 16878
1412190484 1412217334 26850
1412221544 1412235474 13930
1412240150 1412244562 4412
1412255594 1412258491 2897
1412262543 1412277068 14525
1412285525 1412287153 1628
1412297326 1412318273 20947
1412324391 1412330714 6323
1412334381 1412350292 15911
1412380818 1412384160 3342
1412392214 1412409126 16912
1412414139 1412418706 4567
1412422438 1412432530 10092
1412433633 1412433918 285
1412464699 1412464945 246
1412469881 1412481189 11308
1412494052 1412497510 3458
1412497607 1412501114 3507
1412501211 1412504717 3506
1412504814 1412508320 3506
1412508417 1412511923 3506
1412512020 1412514445 2425
1412514522 1412515526 1004
1412515623 1412519129 3506
1412519226 1412522733 3507
1412523270 1412526339 3069
1412526436 1412527871 1435
1412527944 1412528476 532
1412540062 1412540900 838
1412541234 1412548493 7259
1412587462 1412588389 927
1412591690 1412607760 16070
1412627172 1412631957 4785
1412636387 1412656093 19706
1412663806 1412692518 28712
1412692758 1412698928 6170
1412705599 1412712877 7278
1412716237 1412768838 52601
1412768915 1412769641 726
1412770667 1412778558 7891
1412778798 1412790752 11954
1412825228 1412828652 3424
1412832422 1412863584 31162
1412875071 1412882343 7272
1412890048 1412898842 8794
1412902158 1412933489 31331
1412938395 1412945861 7466
1412955988 1412961790 5802
1412974674 1412983783 9109
1412987059 1413032510 45451
1413069300 1413072552 3252
1413136037 1413137119 1082
1413161999 1413164537 2538
1413168462 1413181778 13316
1413189435 1413189632 197
1413189806 1413203239 13433
1413203414 1413211862 8448
1413212007 1413214464 2457
1413243251 1413248416 5165
1413252074 1413253116 1042
1413258326 1413259246 920
1413265545 1413276710 11165
1413286154 1413286844 690
1413290776 1413293258 2482
1413297231 1413298115 884
1413303447 1413307110 3663
1413307953 1413315394 7441
1413324621 1413334053 9432
1413338630 1413344876 6246
1413353530 1413356546 3016
1413359915 1413375589 15674
1413389185 1413393291 4106
1413394002 1413398114 4112
1413404521 1413423163 18642
1413427665 1413441474 13809
1413452828 1413470480 17652
1413470867 1413481521 10654
1413495141 1413508209 13068
1413512319 1413516320 4001
1413519808 1413533168 13360
1413533308 1413542325 9017
1413569377 1413575732 6355
1413598905 1413616547 17642
1413624756 1413639296 14540
1414283416 1414283976 560
1414288442 1414297308 8866
1414299528 1414307554 8026
1414307631 1414314953 7322
1414322690 1414325806 3116
1414337231 1414338582 1351
1414338663 1414339774 1111
1414346313 1414346442 129
1414348362 1414354633 6271
1414375997 1414381786 5789
1414387882 1414392764 4882
1414396459 1414411960 15501
1414423971 1414425729 1758
1414463787 1414476389 12602
1414485311 1414486270 959
1414491360 1414503336 11976
1414542347 1414544031 1684
1414547904 1414556235 8331
1414562672 1414567934 5262
1414571395 1414576574 5179
1414581583 1414595862 14279
1414602375 1414602818 443
1414606124 1414607924 1800
1414612355 1414613349 994
1414620962 1414629901 8939
1414634460 1414636111 1651
1414639572 1414639698 126
1414644326 1414647818 3492
1414840533 1414844698 4165
1414851817 1414853488 1671
1414856935 1414857622 687
1414889423 1414889893 470
1414899981 1414900680 699
1414901334 1414902537 1203
1414917875 1414940915 23040
1415051600 1415057260 5660
1415058209 1415097553 39344
1415097630 1415099758 2128
1415124002 1415132258 8256
1415138762 1415141119 2357
1415144403 1415145134 731
1415148512 1415155344 6832
1415159623 1415176329 16706
1415184140 1415184372 232
1415187908 1415193451 5543
1415198409 1415198546 137
1415222682 1415232423 9741
1415235250 1415243959 8709
1415250203 1415250491 288
1415250723 1415250900 177
1415262684 1415264933 2249
1415268578 1415269104 526
1415272203 1415290145 17942
1415313324 1415327809 14485
1415327886 1415331772 3886
1415342255 1415347175 4920
1415358394 1415362567 4173
1415370380 1415370853 473
1415374832 1415378618 3786
1415378825 1415378840 15
1415420275 1415421901 1626
1415504462 1415508168 3706
1415527935 1415537269 9334
1415552310 1415553501 1191
1415577752 1415582355 4603
1415582451 1415583792 1341
1415583869 1415595553 11684
1415676767 1415684830 8063
1415701620 1415703734 2114
1415708567 1415716988 8421
1415722656 1415730984 8328
1415734896 1415749226 14330
1415754705 1415758099 3394
1415770474 1415819277 48803
1415831744 1415840296 8552
1415849447 1415855531 6084
1415864311 1415875800 11489
1415951522 1415953201 1679
1415969039 1415975021 5982
1416001506 1416003317 1811
1416010654 1416016686 6032
1416020667 1416025231 4564
1416029371 1416041351 11980
1416041428 1416064949 23521
1416386564 1416389221 2657
1416393646 1416414850 21204
1416420052 1416429427 9375
1416429480 1416430820 1340
1416432738 1416435720 2982
1416439801 1416461226 21425
1416461517 1416486231 24714
1416486355 1416486477 122
1416486704 1416486794 90
1416486921 1416487145 224
1416487236 1416487341 105
1416487438 1416487545 107
1416487642 1416487734 92
1416493383 1416496998 3615
1416503720 1416543604 39884
1416544282 1416545651 1369
1416545676 1416545871 195
1416546784 1416558724 11940
1416567790 1416587837 20047
1416598565 1416624691 26126
1416630324 1416641594 11270
1416644885 1416665580 20695
1416692639 1416706501 13862
1416715659 1416728829 13170
1416734854 1416758524 23670
1416772904 1416841114 68210
1416848654 1416884527 35873
1416888028 1416892021 3993
1416895522 1416897590 2068
1416904125 1416935653 31528
1416939633 1416959370 19737
1416965145 1416976584 11439
1416979686 1417005932 26246
1417009901 1417015665 5764
1417019310 1417030220 10910
1417032139 1417049620 17481
1417056106 1417126302 70196
1417147605 1417148238 633
1417167018 1417175315 8297
1417180955 1417192398 11443
1417205342 1417260333 54991
1417264818 1417273326 8508
1417274428 1417274718 290
1417299170 1417313279 14109
1417318696 1417450787 132091
1417474758 1417475013 255
1417475293 1417510213 34920
1417529704 1417554426 24722
1417554893 1417555194 301
1417555306 1417598763 43457
1417607275 1417612079 4804
1417612286 1417641281 28995
1417643512 1417644590 1078
1417716852 1417719252 2400
1417761119 1417770359 9240
1417778166 1417785198 7032
1417811066 1417819016 7950
1417819774 1417821041 1267
1417831779 1417874058 42279
1417914871 1417921079 6208
1417921978 1417922403 425
1417923252 1417925718 2466
1417948638 1417981278 32640
1417981578 1417989939 8361
1417990978 1418011216 20238
1418016732 1418056231 39499
1418069154 1418070017 863
1418070097 1418105058 34961
1418106078 1418120050 13972
1418126926 1418164185 37259
1418184870 1418188579 3709
1418196717 1418226165 29448
1418226284 1418227428 1144
1418235759 1418249482 13723
1418251420 1418253295 1875
1418261190 1418282665 21475
1418290375 1418332204 41829
1418335570 1418362387 26817
1418365607 1418401840 36233
1418414793 1418435903 21110
1418454642 1418454883 241
1418460060 1418470492 10432
1418477617 1418484143 6526
1418516480 1418526743 10263
1418533319 1418536300 2981
1418539928 1418541955 2027
1418548957 1418569333 20376
1418594389 1418661016 66627
1418674074 1418763603 89529
1418770437 1418775110 4673
1418780324 1418804361 24037
1418807983 1418832742 24759
1418850053 1418875723 25670
1418884651 1418892919 8268
1418898888 1418900855 1967
1418901645 1418904117 2472
1418911806 1418914832 3026
1418918566 1418936220 17654
1418941960 1418945106 3146
1418948742 1418970094 21352
1418992333 1419001348 9015
1419012801 1419013477 676
1419143196 1419158673 15477
1419165129 1419168648 3519
1419189930 1419198289 8359
1419205697 1419212738 7041
1419212956 1419235886 22930
1419236081 1419241288 5207
1419253578 1419259393 5815
1419304487 1419305143 656
1419386513 1419413211 26698
1419424339 1419426018 1679
1419475527 1419479478 3951
1419485176 1419486394 1218
1419490982 1419535518 44536
1419540993 1419546572 5579
1419554921 1419560359 5438
1419565798 1419574024 8226
1419574272 1419581183 6911
1419585736 1419585795 59
1419589920 1419609435 19515
1419611793 1419623775 11982
1419626615 1419691425 64810
1419698664 1419700702 2038
1419700915 1419733015 32100
1419733360 1419806355 72995
1419816591 1419820772 4181
1419824918 1419870681 45763
1419883449 1419952141 68692
1419952414 1419992114 39700
1419999796 1420040353 40557
1420040548 1420054261 13713
1420056278 1420066230 9952
1420073222 1420125455 52233
1420130344 1420133882 3538
1420140789 1420186951 46162
1420194115 1420216375 22260
1420226999 1420228862 1863
1420228870 1420246558 17688
1420246701 1420248225 1524
1420266096 1420279991 13895
1420290273 1420298537 8264
1420322114 1420344598 22484
1420350432 1420352292 1860
1420352437 1420354745 2308
1420354991 1420381890 26899
1420381963 1420389212 7249
1420389332 1420394953 5621
1420395142 1420407042 11900
1420413385 1420453754 40369
1420453900 1420455185 1285
1420455307 1420456946 1639
1420457069 1420457124 55
1420461051 1420470123 9072
1420470301 1420470996 695
1420471113 1420471372 259
1420471507 1420472090 583
1420472206 1420472294 88
1420472338 1420472798 460
1420472961 1420473612 651
1420473717 1420474175 458
1420474557 1420475422 865
1420488190 1420492965 4775
1420498568 1420522577 24009
1420522812 1420534538 11726
1420539401 1420540962 1561
1420541046 1420542230 1184
1420557881 1420596162 38281
1420604705 1420606977 2272
1420607121 1420607160 39
1420607492 1420637083 29591
1420637261 1420639888 2627
1420640023 1420641523 1500
1420641586 1420659061 17475
1420660866 1420661047 181
1420670114 1420671622 1508
1420671715 1420680453 8738
1420684774 1420689709 4935
1420689945 1420702978 13033
1420725805 1420806731 80926
1420832670 1420857606 24936
1420865976 1420879109 13133
1420883683 1420903346 19663
1420904447 1420905931 1484
1420955045 1420982235 27190
1420988423 1421014976 26553
1421015144 1421019563 4419
1421019626 1421071336 51710
1421071570 1421080247 8677
1421096755 1421097597 842
1421102225 1421134219 31994
1421140334 1421142259 1925
1421142343 1421154465 12122
1421158557 1421184734 26177
1421184750 1421264021 79271
1421265899 1421329310 63411
1421335328 1421383070 47742
1421389625 1421391821 2196
1421392325 1421392364 39
1421392962 1421392965 3
1421394839 1421394840 1
1421416730 1421429262 12532
1421435252 1421453320 18068
1421457334 1421474112 16778
1421474475 1421477348 2873
1421477598 1421483381 5783
1421488057 1421502928 14871
1421507560 1421508148 588
1421538568 1421539251 683
1421539262 1421545331 6069
1421552616 1421566145 13529
1421566239 1421599060 32821
1421619359 1421621799 2440
1421621913 1421649474 27561
1421657888 1421664271 6383
1421671675 1421685507 13832
1421719790 1421738070 18280
1421755441 1421766574 11133
1421772319 1421772498 179
1421773218 1421774192 974
1421784900 1421786538 1638
1421795430 1421795478 48
1421796198 1421801412 5214
1421801803 1421817366 15563
1421825836 1421828084 2248
1421832690 1421835629 2939
1421842868 1421868623 25755
1421870508 1421881875 11367
1421889832 1421909078 19246
1421915132 1421915358 226
1421915838 1421926992 11154
1421934396 1421934678 282
1421935218 1421949439 14221
1421958078 1421974031 15953
1421974368 1422002235 27867
1422009268 1422009438 170
1422010098 1422030689 20591
1422049758 1422076486 26728
1422076988 1422093076 16088
1422098134 1422098298 164
1422098778 1422112926 14148
1422114027 1422114318 291