1396417050 1396453505 36455
1396455750 1396468611 12861
1396468616 1396551020 82404
1396552298 1396579632 27334
1396581517 1396623866 42349
1396652834 1396660595 7761
1396666732 1396667654 922
1396667875 1396692680 24805
1396702343 1396702711 368
1396702986 1396706491 3505
1396739496 1396768570 29074
1396784915 1396788364 3449
1396809233 1396813495 4262
1396813980 1396818041 4061
1396829475 1396829703 228
1396830077 1396830227 150
1396830802 1396830815 13
1396832601 1396833474 873
1396833585 1396858240 24655
1396877059 1396877530 471
1396911826 1396959130 47304
1396959378 1396978152 18774
1396983126 1396987625 4499
1396998131 1397068240 70109
1397070109 1397106379 36270
1397108788 1397164944 56156
1397178024 1397180040 2016
1397180179 1397180190 11
1397180789 1397244609 63820
1397247093 1397281038 33945
1397293536 1397305926 12390
1397307904 1397311581 3677
1397329715 1397354438 24723
1397357260 1397391177 33917
1397393551 1397395716 2165
1397396418 1397401945 5527
1397407573 1397407745 172
1397418961 1397424626 5665
1397427152 1397456826 29674
1397459442 1397461684 2242
1397465461 1397488011 22550
1397507640 1397531118 23478
1397533305 1397588476 55171
1397599673 1397665173 65500
1397674274 1397676457 2183
1397676869 1397685626 8757
1397687394 1397715210 27816
1397725975 1397728505 2530
1397728839 1397754013 25174
1397756141 1397756145 4
1397756181 1397756432 251
1397756435 1397757085 650
1397757952 1397761466 3514
1397767430 1397834408 66978
1397841105 1397847841 6736
1397856616 1397869968 13352
1397874381 1397915953 41572
1397943555 1397943597 42
1397943726 1397957460 13734
1397962514 1398007834 45320
1398021339 1398096068 74729
1398107995 1398163150 55155
1398166339 1398182757 16418
1398193110 1398216317 23207
1398219377 1398220923 1546
1398223692 1398243543 19851
1398252146 1398257622 5476
1398257709 1398258233 524
1398258260 1398258281 21
1398258290 1398260496 2206
1398275679 1398276443 764
1398276752 1398276885 133
1398294558 1398295943 1385
1398304824 1398351587 46763
1398364650 1398366834 2184
1398371810 1398372578 768
1398387362 1398397807 10445
1398402919 1398407075 4156
1398407519 1398430982 23463
1398435699 1398453245 17546
1398453618 1398453860 242
1398457566 1398472835 15269
1398475678 1398520939 45261
1398543456 1398543970 514
1398545737 1398547056 1319
1398547137 1398612618 65481
1398625448 1398670402 44954
1398682603 1398700988 18385
1398711806 1398741892 30086
1398744582 1398970581 225999
1398982198 1399031198 49000
1399036265 1399044696 8431
1399051041 1399051112 71
1399057100 1399063821 6721
1399064131 1399068293 4162
1399071177 1399081576 10399
1399082437 1399088079 5642
1399088346 1399088896 550
1399089153 1399090630 1477
1399090893 1399091270 377
1399091498 1399091892 394
1399092150 1399092208 58
1399093274 1399094421 1147
1399097738 1399125643 27905
1399150738 1399160709 9971
1399163978 1399163979 1
1399163987 1399193162 29175
1399208406 1399217425 9019
1399258820 1399266628 7808
1399266892 1399267722 830
1399267731 1399269350 1619
1399269359 1399270553 1194
1399270563 1399270758 195
1399270767 1399272676 1909
1399272686 1399272728 42
1399273100 1399279840 6740
1399279851 1399282392 2541
1399282702 1399282732 30
1399282993 1399283930 937
1399284185 1399285621 1436
1399342356 1399343592 1236
1399343602 1399345459 1857
1399352229 1399352339 110
1399352348 1399356391 4043
1399360065 1399360397 332
1399415095 1399417109 2014
1399417118 1399418128 1010
1399418137 1399419001 864
1399419158 1399456232 37074
1399475613 1399491072 15459
1399493022 1399521135 28113
1399521138 1399543999 22861
1399548489 1399549393 904
1399559205 1399569813 10608
1399573956 1399574182 226
1399579174 1399586489 7315
1399590714 1399641684 50970
1399644306 1399652291 7985
1399654954 1399671253 16299
1399671689 1399680224 8535
1399682751 1399683773 1022
1399688223 1399730790 42567
1399750634 1399750640 6
1399750649 1399753270 2621
1399753427 1399753765 338
1399766448 1399768914 2466
1399768962 1399771122 2160
1399771186 1399772002 816
1399772050 1399773578 1528
1399773642 1399779426 5784
1399779490 1399780794 1304
1399780858 1399783154 2296
1399783202 1399783378 176
1399783426 1399788138 4712
1399788202 1399789970 1768
1399790034 1399792394 2360
1399792458 1399795482 3024
1399795530 1399796541 1011
1399796546 1399809864 13318
1399809928 1399814088 4160
1399814136 1399815120 984
1399815168 1399816000 832
1399816064 1399819296 3232
1399819344 1399819928 584
1399820024 1399820768 744
1399835175 1399835647 472
1399835695 1399835855 160
1399835919 1399836687 768
1399836735 1399839279 2544
1399839343 1399840839 1496
1399840887 1399841191 304
1399841239 1399841831 592
1399841895 1399842639 744
1399844416 1399845527 1111
1399845591 1399845815 224
1399845863 1399848967 3104
1399849031 1399849239 208
1399849303 1399849607 304
1399849671 1399849719 48
1399849767 1399850751 984
1399850799 1399854639 3840
1399854687 1399856439 1752
1399856503 1399856727 224
1399856775 1399856983 208
1399857031 1399857519 488
1399857583 1399860799 3216
1399860847 1399862063 1216
1399862111 1399868111 6000
1399868175 1399869439 1264
1399869503 1399870215 712
1399870279 1399871191 912
1399871239 1399872543 1304
1399872607 1399879359 6752
1399879423 1399880711 1288
1399880775 1399881575 800
1399881639 1399882991 1352
1399883055 1399886847 3792
1399886911 1399888423 1512
1399888487 1399894671 6184
1399894735 1399901951 7216
1399902015 1399904575 2560
1399904639 1399905503 864
1399905567 1399905783 216
1399905847 1399906263 416
1399906327 1399907367 1040
1399907431 1399910430 2999
1399922300 1399923053 753
1399923693 1399926701 3008
1399926765 1399927843 1078
1399927848 1399928342 494
1399928390 1399929366 976
1399929430 1399929606 176
1399929654 1399946310 16656
1399946374 1399948859 2485
1399949225 1399951411 2186
1399993587 1399996825 3238
1400004309 1400006174 1865
1400006222 1400009590 3368
1400009654 1400010702 1048
1400010766 1400012470 1704
1400012534 1400012774 240
1400012822 1400013854 1032
1400013918 1400018206 4288
1400018270 1400022598 4328
1400022646 1400025182 2536
1400025230 1400025550 320
1400025598 1400027590 1992
1400027638 1400027886 248
1400027950 1400032590 4640
1400032654 1400034022 1368
1400034086 1400038310 4224
1400038358 1400054238 15880
1400054302 1400054902 600
1400054966 1400055964 998
1400061499 1400075661 14162
1400075709 1400080621 4912
1400083665 1400092221 8556
1400093959 1400123062 29103
1400136713 1400147679 10966
1400153791 1400155521 1730
1400158233 1400165877 7644
1400165925 1400166469 544
1400166517 1400169354 2837
1400173017 1400179933 6916
1400179997 1400180917 920
1400180965 1400182605 1640
1400182653 1400182973 320
1400183021 1400185221 2200
1400185269 1400186669 1400
1400186733 1400187621 888
1400187685 1400187733 48
1400187829 1400188101 272
1400188165 1400188325 160
1400188373 1400189197 824
1400189245 1400195621 6376
1400195685 1400199397 3712
1400199461 1400200061 600
1400200125 1400204029 3904
1400204093 1400212919 8826
1400212924 1400213306 382
1400213370 1400214362 992
1400214410 1400223602 9192
1400223666 1400226059 2393
1400228825 1400237204 8379
1400237268 1400239908 2640
1400239972 1400248004 8032
1400248068 1400248212 144
1400248260 1400249436 1176
1400249532 1400250011 479
1400250014 1400251668 1654
1400251732 1400252337 605
1400253640 1400256037 2397
1400266770 1400274406 7636
1400274470 1400276726 2256
1400276790 1400282622 5832
1400282686 1400297582 14896
1400297646 1400298166 520
1400298214 1400299758 1544
1400299822 1400303502 3680
1400303550 1400315310 11760
1400315358 1400315990 632
1400316054 1400320294 4240
1400320358 1400322990 2632
1400323054 1400323430 376
1400323478 1400335219 11741
1400354104 1400358411 4307
1400358417 1400358437 20
1400358501 1400358511 10
1400360109 1400362405 2296
1400362469 1400368933 6464
1400368997 1400369781 784
1400369845 1400371757 1912
1400371821 1400374621 2800
1400374685 1400379733 5048
1400379781 1400381101 1320
1400381165 1400396909 15744
1400396973 1400402261 5288
1400402309 1400402685 376
1400402749 1400419061 16312
1400419109 1400424701 5592
1400424765 1400424781 16
1400424845 1400432573 7728
1400432637 1400434773 2136
1400435140 1400437317 2177
1400437381 1400438510 1129
1400438562 1400438621 59
1400438685 1400439277 592
1400439357 1400451589 12232
1400451653 1400454669 3016
1400454717 1400456437 1720
1400456501 1400490749 34248
1400505689 1400513420 7731
1400527406 1400601658 74252
1400603184 1400603220 36
1400611859 1400612045 186
1400612793 1400712731 99938
1400730027 1400774703 44676
1400782951 1400792484 9533
1400806212 1400938045 131833
1400957531 1400971474 13943
1400983835 1400983876 41
1400984528 1400984547 19
1400984583 1400989922 5339
1401008141 1401033618 25477
1401047641 1401049818 2177
1401053574 1401086324 32750
1401095763 1401096030 267
1401096769 1401118219 21450
1401131366 1401142956 11590
1401142964 1401207580 64616
1401222963 1401241796 18833
1401246493 1401301597 55104
1401315762 1401351273 35511
1401355514 1401355646 132
1401357910 1401403013 45103
1401408032 1401432990 24958
1401437607 1401463940 26333
1401474646 1401544825 70179
1401564814 1401573550 8736
1401584140 1401599878 15738
1401613902 1401624806 10904
1401631329 1401649293 17964
1401663791 1401719428 55637
1401732344 1401735061 2717
1401742157 1401775369 33212
1401780259 1401850849 70590
1401854030 1401902164 48134
1401902491 1401963602 61111
1401976361 1402023636 47275
1402036606 1402070943 34337
1402080387 1402083467 3080
1402085981 1402086248 267
1402088592 1402095664 7072
1402095667 1402146088 50421
1402169987 1402171705 1718
1402171710 1402171849 139
1402171852 1402171855 3
1402171857 1402178480 6623
1402183386 1402194985 11599
1402199576 1402226055 26479
1402231542 1402309949 78407
1402310584 1402327824 17240
1402329524 1402331012 1488
1402336600 1402336667 67
1402339492 1402377201 37709
1402396067 1402511420 115353
1402513239 1402564739 51500
1402571386 1402585423 14037
1402592857 1402673744 80887
1402686754 1402754431 67677
1402797257 1402840053 42796
1402859359 1402859362 3
1402859369 1402859405 36
1402860176 1402932707 72531
1402934409 1402934452 43
1402945298 1402948957 3659
1402949094 1402993012 43918
1402997522 1403008879 11357
1403014899 1403036785 21886
1403039408 1403039447 39
1403039837 1403116305 76468
1403118009 1403150688 32679
1403160828 1403182599 21771
1403185942 1403198799 12857
1403205140 1403228272 23132
1403241694 1403245656 3962
1403248450 1403253185 4735
1403258503 1403278286 19783
1403289295 1403355618 66323
1403388029 1403436893 48864
1403448163 1403464438 16275
1403466347 1403467838 1491
1403467851 1403472533 4682
1403472715 1403487135 14420
1403494130 1403535490 41360
1403550153 1403552586 2433
1403552891 1403563418 10527
1403563542 1403588741 25199
1403606095 1403618376 12281
1403623051 1403634906 11855
1403635124 1403680905 45781
1403690188 1403696847 6659
1403697272 1403710680 13408
1403711185 1403730384 19199
1403732091 1403790360 58269
1403790714 1403883144 92430
1403897364 1403907720 10356
1403907950 1403907964 14
1403926532 1403930190 3658
1403930326 1403931417 1091
1403931419 1403931628 209
1403931682 1403931705 23
1403931708 1403931709 1
1403931711 1403931725 14
1403931727 1403931761 34
1403931835 1403932022 187
1403932053 1403932951 898
1403987510 1404019190 31680
1404019538 1404027142 7604
1404031488 1404032177 689
1404034391 1404034788 397
1404036974 1404037275 301
1404041085 1404041542 457
1404048461 1404057907 9446
1404068968 1404074215 5247
1404078783 1404079407 624
1404079412 1404087983 8571
1404091254 1404135626 44372
1404138487 1404142541 4054
1404144303 1404145891 1588
1404151649 1404230871 79222
1404231403 1404233722 2319
1404240248 1404273729 33481
1404274257 1404283346 9089
1404283705 1404308827 25122
1404309333 1404314459 5126
1404317369 1404318131 762
1404318562 1404325597 7035
1404327305 1404327430 125
1404327971 1404329223 1252
1404329629 1404342072 12443
1404347117 1404353927 6810
1404354473 1404359854 5381
1404360231 1404373432 13201
1404373936 1404374022 86
1404374388 1404376967 2579
1404377250 1404380389 3139
1404380681 1404386573 5892
1404386835 1404391730 4895
1404392078 1404403295 11217
1404403649 1404416470 12821
1404416857 1404418831 1974
1404419319 1404419336 17
1404422744 1404430955 8211
1404431264 1404434307 3043
1404434874 1404436101 1227
1404436590 1404448570 11980
1404448859 1404450485 1626
1404450867 1404451093 226
1404451422 1404451571 149
1404452438 1404464331 11893
1404464665 1404468288 3623
1404471970 1404471976 6
1404472974 1404472986 12
1404473634 1404477292 3658
1404477429 1404481089 3660
1404481226 1404487683 6457
1404490884 1404490909 25
1404498817 1404501165 2348
1404504092 1404504224 132
1404504546 1404505175 629
1404507624 1404542200 34576
1404588823 1404607489 18666
1404609345 1404623877 14532
1404637241 1404666766 29525
1404672170 1404700447 28277
1404709754 1404716202 6448
1404716439 1404746157 29718
1404759264 1404759390 126
1404759396 1404759610 214
1404761063 1404761167 104
1404761173 1404761186 13
1404763648 1404765037 1389
1404776175 1404779600 3425
1404783648 1404801802 18154
1404804505 1404812811 8306
1404819196 1404831611 12415
1404835615 1404836717 1102
1404837163 1404837229 66
1404837302 1404841040 3738
1404843621 1404863609 19988
1404868953 1404917590 48637
1404920610 1404933406 12796
1404935108 1404942331 7223
1404951842 1404975310 23468
1404975559 1404983043 7484
1404983392 1404999203 15811
1405003963 1405008843 4880
1405009265 1405015172 5907
1405015598 1405017140 1542
1405028117 1405050358 22241
1405055477 1405064057 8580
1405064177 1405064761 584
1405064961 1405065385 424
1405065884 1405066352 468
1405066765 1405067873 1108
1405068009 1405068977 968
1405069553 1405070000 447
1405070468 1405075400 4932
1405076194 1405077270 1076
1405077390 1405079768 2378
1405080176 1405080590 414
1405081182 1405081238 56
1405081358 1405082086 728
1405082222 1405093329 11107
1405109113 1405162989 53876
1405163109 1405163145 36
1405163449 1405170245 6796
1405193179 1405226835 33656
1405227343 1405228011 668
1405228296 1405231148 2852
1405231476 1405233308 1832
1405233732 1405235516 1784
1405235636 1405235644 8
1405235844 1405236284 440
1405237060 1405237228 168
1405237444 1405237804 360
1405237924 1405237980 56
1405238180 1405238860 680
1405239236 1405239292 56
1405239604 1405239644 40
1405240562 1405242518 1956
1405242638 1405243350 712
1405243614 1405243654 40
1405244590 1405249910 5320
1405250078 1405250118 40
1405250238 1405250614 376
1405250942 1405251318 376
1405251470 1405252358 888
1405252478 1405252566 88
1405252686 1405253062 376
1405253358 1405253446 88
1405254190 1405254678 488
1405254798 1405254870 72
1405255070 1405255254 184
1405255374 1405255526 152
1405255646 1405255910 264
1405256078 1405256214 136
1405257182 1405257782 600
1405257982 1405258038 56
1405258430 1405262694 4264
1405262814 1405263046 232
1405263262 1405268166 4904
1405271202 1405276411 5209
1405279947 1405304815 24868
1405304967 1405305071 104
1405305287 1405305327 40
1405305879 1405305903 24
1405307907 1405307915 8
1405308495 1405308519 24
1405309343 1405310135 792
1405311663 1405312647 984
1405312895 1405313015 120
1405313135 1405313191 56
1405313311 1405313431 120
1405313695 1405313991 296
1405314303 1405314375 72
1405314575 1405315415 840
1405315823 1405315975 152
1405317327 1405317399 72
1405317956 1405318556 600
1405319154 1405319830 676
1405320078 1405320150 72
1405320270 1405320534 264
1405320654 1405320694 40
1405320910 1405321014 104
1405321326 1405321494 168
1405321870 1405321958 88
1405322254 1405322582 328
1405322750 1405322774 24
1405323160 1405323660 500
1405323780 1405323931 151
1405324175 1405324691 516
1405325339 1405325411 72
1405325787 1405326803 1016
1405327419 1405327507 88
1405328025 1405330701 2676
1405331029 1405331325 296
1405331509 1405332509 1000
1405332693 1405333101 408
1405333285 1405333309 24
1405333749 1405333933 184
1405335621 1405335629 8
1405335877 1405336333 456
1405336869 1405338589 1720
1405339093 1405339933 840
1405340821 1405342397 1576
1405343237 1405343405 168
1405343573 1405343581 8
1405343765 1405352039 8274
1405353741 1405353781 40
1405453781 1405481865 28084
1405481985 1405491945 9960
1405492161 1405494777 2616
1405494929 1405494985 56
1405495856 1405496584 728
1405497904 1405497928 24
1405498208 1405498472 264
1405498784 1405498792 8
1405499232 1405499240 8
1405500224 1405507784 7560
1405508112 1405510648 2536
1405510848 1405510872 24
1405511526 1405535671 24145
1405536016 1405565859 29843
1405573140 1405573656 516
1405573776 1405573880 104
1405574032 1405578392 4360
1405578688 1405579864 1176
1405580080 1405580200 120
1405580512 1405580616 104
1405581136 1405581288 152
1405589425 1405589673 248
1405589921 1405590137 216
1405590257 1405590377 120
1405591169 1405591577 408
1405591873 1405592281 408
1405592593 1405592985 392
1405593105 1405593145 40
1405594417 1405594857 440
1405594977 1405595353 376
1405595473 1405595625 152
1405596033 1405596297 264
1405596545 1405597065 520
1405597249 1405597289 40
1405597873 1405597913 40
1405598065 1405598105 40
1405598353 1405598409 56
1405598833 1405603481 4648
1405603994 1405604542 548
1405604694 1405604702 8
1405604870 1405605118 248
1405605254 1405605534 280
1405605702 1405607230 1528
1405607878 1405633861 25983
1405634098 1405636253 2155
1405636576 1405636731 155
1405636977 1405638677 1700
1405638813 1405638949 136
1405639853 1405641525 1672
1405642119 1405642123 4
1405642355 1405642635 280
1405643380 1405644780 1400
1405644900 1405645068 168
1405645220 1405645292 72
1405645460 1405646396 936
1405650660 1405651391 731
1405651695 1405651767 72
1405652497 1405652581 84
1405653318 1405654538 1220
1405654834 1405655802 968
1405656386 1405656890 504
1405657170 1405657258 88
1405657394 1405658042 648
1405658450 1405658490 40
1405658610 1405658714 104
1405658850 1405659098 248
1405659282 1405660842 1560
1405668342 1405668686 344
1405668838 1405668846 8
1405669494 1405669614 120
1405669734 1405669902 168
1405671510 1405671758 248
1405671910 1405671966 56
1405672102 1405673582 1480
1405675033 1405676813 1780
1405678338 1405678966 628
1405679630 1405679798 168
1405680014 1405680422 408
1405681659 1405681903 244
1405682615 1405682655 40
1405682775 1405682895 120
1405683271 1405683583 312
1405684036 1405684360 324
1405684720 1405684744 24
1405685331 1405686039 708
1405687311 1405688167 856
1405688543 1405688599 56
1405688719 1405688727 8
1405690783 1405690839 56
1405691023 1405691527 504
1405691727 1405691799 72
1405692495 1405692551 56
1405692911 1405692983 72
1405693311 1405693527 216
1405693647 1405694728 1081
1405708925 1405708945 20
1405729298 1405729625 327
1405730096 1405733076 2980
1405733212 1405734084 872
1405734668 1405734788 120
1405735308 1405735348 40
1405735484 1405736932 1448
1405741308 1405741440 132
1405744447 1405744835 388
1405744955 1405745091 136
1405745259 1405745283 24
1405745435 1405745939 504
1405746059 1405746819 760
1405746939 1405747251 312
1405747435 1405749539 2104
1405749966 1405750074 108
1405751748 1405752124 376
1405752816 1405753220 404
1405753340 1405754148 808
1405759045 1405759836 791
1405760321 1405760357 36
1405760785 1405761191 406
1405761881 1405774872 12991
1405807486 1405819552 12066
1405819849 1405820093 244
1405821045 1405821117 72
1405821603 1405822087 484
1405822207 1405822253 46
1405822623 1405822975 352
1405823442 1405829921 6479
1405829954 1405830103 149
1405830114 1405868418 38304
1405912216 1405953020 40804
1405984148 1406039570 55422
1406053175 1406065237 12062
1406065245 1406112030 46785
1406117202 1406140491 23289
1406142195 1406147912 5717
1406164891 1406164904 13
1406167838 1406246537 78699
1406254475 1406255491 1016
1406256578 1406295101 38523
1406329408 1406379631 50223
1406404967 1406409712 4745
1406417974 1406472394 54420
1406504078 1406543525 39447
1406558398 1406559618 1220
1406589154 1406668140 78986
1406668147 1406671455 3308
1406672212 1406673876 1664
1406694528 1406696557 2029
1406712201 1406723902 11701
1406731637 1406745011 13374
1406746747 1406750084 3337
1406755666 1406777201 21535
1406815721 1406919618 103897
1406935174 1406964324 29150
1406972801 1406984580 11779
1407014321 1407038863 24542
1407056370 1407073815 17445
1407089405 1407092799 3394
1407093168 1407139054 45886
1407157868 1407159020 1152
1407193643 1407261782 68139
1407274131 1407297067 22936
1407304781 1407348603 43822
1407349232 1407349820 588
1407351562 1407376917 25355
1407392681 1407423142 30461
1407423613 1407524421 100808
1407541388 1407589474 48086
1407622595 1407675457 52862
1407675800 1407697314 21514
1407711538 1407752281 40743
1407755515 1407767518 12003
1407768958 1407769118 160
1407784766 1407785429 663
1407785508 1407791349 5841
1407814579 1407819016 4437
1407819174 1407856394 37220
1407866059 1407866101 42
1407866781 1407866820 39
1407867034 1407868181 1147
1407869139 1407870539 1400
1407874077 1407876638 2561
1407877937 1407878790 853
1407884107 1407951440 67333
1407952881 1407957743 4862
1407971753 1407975652 3899
1407992042 1408078910 86868
1408085217 1408117567 32350
1408120357 1408129218 8861
1408143491 1408184216 40725
1408189165 1408194045 4880
1408230802 1408230834 32
1408230874 1408302026 71152
1408316753 1408375818 59065
1408377827 1408388418 10591
1408403424 1408422667 19243
1408422986 1408423491 505
1408425340 1408425341 1
1408425364 1408476701 51337
1408476715 1408501676 24961
1408508596 1408554020 45424
1408556164 1408627032 70868
1408627352 1408638601 11249
1408644771 1408648258 3487
1408651230 1408655907 4677
1408656978 1408659485 2507
1408659486 1408659558 72
1408660066 1408664593 4527
1408676661 1408684735 8074
1408689328 1408719619 30291
1408740136 1408802418 62282
1408820356 1408826522 6166
1408826699 1408832429 5730
1408832569 1408844076 11507
1408844169 1408894868 50699
1408907064 1408917741 10677
1408927612 1408980621 53009
1408995721 1409004977 9256
1409007376 1409029387 22011
1409037778 1409047055 9277
1409051535 1409164285 112750
1409166687 1409215452 48765
1409220585 1409232554 11969
1409236364 1409241848 5484
1409244563 1409258607 14044
1409269500 1409407221 137721
1409428878 1409499156 70278
1409510027 1409510409 382
1409515903 1409536198 20295
1409552703 1409576895 24192
1409576911 1409577416 505
1409577418 1409577426 8
1409577583 1409585420 7837
1409587124 1409587224 100
1409619293 1409624438 5145
1409624515 1409672092 47577
1409672228 1409675888 3660
1409676025 1409700983 24958
1409703969 1409711285 7316
1409711422 1409715082 3660
1409715219 1409769023 53804
1409770726 1409778046 7320
1409778183 1409778733 550
1409779386 1409781410 2024
1409782137 1409787301 5164
1409789960 1409852541 62581
1409860324 1409914522 54198
1409920801 1409931244 10443
1409932087 1409932100 13
1409932177 1409932260 83
1409941953 1409941998 45
1409942089 1410012424 70335
1410218789 1410222448 3659
1410222585 1410224196 1611
1410231154 1410267979 36825
1410268594 1410298634 30040
1410304306 1410374281 69975
1410375985 1410411793 35808
1410448612 1410450430 1818
1410452836 1410474620 21784
1410497870 1410500321 2451
1410500398 1410523415 23017
1410532508 1410535840 3332
1410547331 1410569681 22350
1410573811 1410616825 43014
1410642406 1410683360 40954
1410704428 1410793690 89262
1410807944 1410811927 3983
1410811944 1410886501 74557
1410887066 1410891961 4895
1410893002 1410960624 67622
1410984261 1411024336 40075
1411033428 1411047748 14320
1411048435 1411092784 44349
1411095430 1411103400 7970
1411105623 1411110691 5068
1411111725 1411124761 13036
1411125752 1411132155 6403
1411132643 1411136412 3769
1411136786 1411140666 3880
1411151590 1411178072 26482
1411181008 1411221618 40610
1411240282 1411282717 42435
1411291667 1411292032 365
1411306599 1411365121 58522
1411367970 1411399820 31850
1411410638 1411414294 3656
1411414431 1411415603 1172
1411418241 1411418845 604
1411426603 1411430263 3660
1411430400 1411432121 1721
1411453022 1411456678 3656
1411456815 1411501697 44882
1411504880 1411529268 24388
1411531732 1411588799 57067
1411588850 1411589165 315
1411589216 1411589459 243
1411589511 1411589719 208
1411589772 1411589956 184
1411590009 1411590175 166
1411590229 1411590382 153
1411590436 1411590579 143
1411590632 1411590766 134
1411590820 1411590947 127
1411591000 1411591121 121
1411591174 1411591289 115
1411591343 1411591453 110
1411591507 1411591613 106
1411591666 1411591668 2
1411599299 1411736524 137225
1411743407 1411745434 2027
1411756223 1411824114 67891
1411866404 1411940046 73642
1411943642 1412004789 61147
1412017476 1412069636 52160
1412072569 1412079427 6858
1412082168 1412087024 4856
1412090231 1412156742 66511
1412159192 1412188222 29030
1412189925 1412275026 85101
1412282109 1412351198 69089
1412360564 1412383249 22685
1412393187 1412407823 14636
1412407960 1412431274 23314
1412458547 1412491488 32941
1412491625 1412539206 47581
1412539343 1412543003 3660
1412543140 1412546799 3659
1412546936 1412565259 18323
1412572927 1412573410 483
1412573422 1412574022 600
1412574034 1412577689 3655
1412577826 1412580068 2242
1414287415 1414288482 1067
1414295617 1414298459 2842
1414300748 1414332258 31510
1414332558 1414334329 1771
1414335547 1414337385 1838
1414369449 1414381892 12443
1414384517 1414390091 5574
1414392432 1414423844 31412
1414454434 1414460186 5752
1414460412 1414476305 15893
1414479735 1414514546 34811
1414518227 1414541688 23461
1414541701 1414607501 65800
1414609207 1414640778 31571
1414641318 1414642644 1326
1414724815 1414768966 44151
1414780507 1414782509 2002
1414794660 1414794702 42
1414794746 1414796014 1268
1414804624 1414853450 48826
1414879976 1414943061 63085
1414951099 1414956842 5743
1414976741 1415032353 55612
1415034588 1415034625 37
1415052089 1415090736 38647
1415095278 1415097066 1788
1415118622 1415119832 1210
1415123825 1415132381 8556
1415141059 1415182448 41389
1415189207 1415189226 19
1415189246 1415215940 26694
1415223823 1415289260 65437
1415308944 1415312472 3528
1415312609 1415316086 3477
1415319534 1415323190 3656
1415323327 1415377839 54512
1415379462 1415379971 509
1415380001 1415383661 3660
1415383798 1415390774 6976
1415390780 1415393460 2680
1415396143 1415396437 294
1415396737 1415458518 61781
1415482580 1415492485 9905
1415496843 1415506637 9794
1415506652 1415507685 1033
1415507700 1415510017 2317
1415510036 1415510349 313
1415510361 1415514895 4534
1415514907 1415518692 3785
1415518693 1415519662 969
1415543908 1415606849 62941
1415611872 1415637098 25226
1415653060 1415685548 32488
1415698425 1415712726 14301
1415712739 1415718944 6205
1415719094 1415732351 13257
1415735045 1415743073 8028
1415743577 1415883952 140375
1415893120 1415982252 89132
1415993286 1416058179 64893
1416060888 1416063022 2134
1416090211 1416116808 26597
1416184792 1416241827 57035
1416254839 1416266132 11293
1416266134 1416288744 22610
1416293186 1416315408 22222
1416326333 1416329778 3445
1416330018 1416393142 63124
1416395921 1416404450 8529
1416404803 1416430826 26023
1416432529 1416535209 102680
1416546608 1416587441 40833
1416597157 1416608874 11717
1416619399 1416666173 46774
1416666713 1416667828 1115
1416689108 1416762087 72979
1416775436 1416787888 12452
1416789257 1416840442 51185
1416844364 1416853507 9143
1416856624 1416930547 73923
1416930799 1416932297 1498
1416932632 1416933694 1062
1416942316 1416950496 8180
1416950740 1416969571 18831
1416973307 1416988895 15588
1416993992 1416995570 1578
1416996575 1417010305 13730
1417040737 1417046314 5577
1417052124 1417052154 30
1417055050 1417068140 13090
1417072169 1417187223 115054
1417204158 1417204625 467
1417205126 1417272669 67543
1417296928 1417316761 19833
1417317408 1417425211 107803
1417446354 1417448620 2266
1417448969 1417451645 2676
1417488505 1417528835 40330
1417529590 1417532556 2966
1417532927 1417538911 5984
1417540842 1417588078 47236
1417615064 1417635023 19959
1417636727 1417639199 2472
1417645407 1417649060 3653
1417712363 1417723103 10740
1417723581 1417723731 150
1417828592 1417877438 48846
1417902457 1417934686 32229
1417967238 1417987859 20621
1417991634 1418006754 15120
1418009283 1418015617 6334
1418015914 1418029423 13509
1418035284 1418056220 20936
1418069359 1418080529 11170
1418080753 1418123725 42972
1418133790 1418136015 2225
1418144476 1418146080 1604
1418203963 1418222893 18930
1418224597 1418226867 2270
1418243392 1418283559 40167
1418287486 1418402088 114602
1418414872 1418436330 21458
1418452713 1418482253 29540
1418506090 1418533564 27474
1418537627 1418661021 123394
1418662724 1418662766 42
1418673985 1418684217 10232
1418684219 1418823133 138914
1418823451 1418833390 9939
1418841470 1418876650 35180
1418883017 1418905131 22114
1418910228 1418921752 11524
1418921964 1418922773 809
1418923117 1418926561 3444
1418931392 1418962002 30610
1418979165 1418998698 19533
1418999358 1419006648 7290
1419007279 1419010823 3544
1419021400 1419022547 1147
1419022807 1419051540 28733
1419051619 1419066830 15211
1419067139 1419186351 119212
1419187055 1419285376 98321
1419293840 1419313534 19694
1419318693 1419339655 20962
1419352197 1419449451 97254
1419451153 1419460417 9264
1419461087 1419469643 8556
1419478146 1419547624 69478
1419551958 1419750948 198990
1419751445 1419821590 70145
1419824765 1419870629 45864
1419872331 1419872419 88
1419881694 1419886876 5182
1419901207 1419952806 51599
1419953125 1419991693 38568
1419998519 1420054794 56275
1420056496 1420108922 52426
1420109852 1420132990 23138
1420159111 1420161192 2081
1420170677 1420171603 926
1420322358 1420322638 280
1420322686 1420362035 39349
1420367000 1420376658 9658
1420377198 1420387878 10680
1420388658 1420442069 53411
1420644479 1420703727 59248
1420783650 1420785535 1885
1420843272 1420846586 3314
1420849077 1420879099 30022
1420883708 1420899936 16228
1420900373 1420901480 1107
1420901519 1420901520 1
1420901560 1420901561 1
1420901600 1420901602 2
1420901641 1420901643 2
1420901682 1420901683 1
1420924737 1420941041 16304
1420950665 1420962441 11776
1420987729 1420995590 7861
1421000071 1421080240 80169
1421082082 1421082088 6
1421092879 1421171838 78959
1421172238 1421263839 91601
1421266189 1421309205 43016
1421318490 1421319061 571
1421320797 1421334004 13207
1421346768 1421356017 9249
1421361264 1421369269 8005
1421369881 1421419754 49873
1421420393 1421421933 1540
1421422278 1421422672 394
1421423453 1421429597 6144
1421443778 1421478445 34667
1421479227 1421486597 7370
1421615757 1421651578 35821
1421659972 1421665038 5066
1421665578 1421670438 4860
1421671038 1421679351 8313
1421686016 1421689295 3279
1421698482 1421702136 3654
1421721945 1421726396 4451
1421726656 1421727378 722
1421728035 1421728516 481
1421731447 1421746474 15027
1421746929 1421756339 9410
1421756908 1421757022 114
1421758070 1421758230 160
1421758506 1421759600 1094
1421760112 1421760662 550
1421762997 1421764305 1308
1421764791 1421766734 1943
1421775730 1421775787 57
1421776230 1421777251 1021
1421777597 1421777808 211
1421779997 1421780076 79
1421780540 1421780565 25
1421780569 1421783744 3175
1421783802 1421783907 105
1421783916 1421784716 800
1421784745 1421785202 457
1421785284 1421791650 6366
1421792491 1421792614 123
1421792933 1421820133 27200
1421820602 1421868621 48019
1421870499 1421972084 101585
1421972409 1422030623 58214
1422038587 1422049180 10593
1422049203 1422086921 37718
1422108290 1422111621 3331